prom2= [ 2.17279937e+00  1.83010206e+00  1.99114826e+00  5.99728729e-01
  8.97629088e-01  1.31503337e+00  2.40352754e+00  8.11632331e-01
  2.01106986e+00  2.32015410e+00  2.02075865e+00 -6.68844290e-01
  1.32153398e+00  1.51539578e+00  1.14119955e+00  1.24399300e+00
  5.91076415e-01  7.91532591e-01  2.35318251e+00  4.66224527e-02
  1.27671145e+00 -2.89771497e-01  1.77747550e+00  2.02664907e-01
 -3.06666694e-01 -1.90315728e-01 -9.59461640e-01  1.71529950e+00
  1.40631458e+00  1.40276471e+00 -6.49366977e-01  8.33870783e-01
 -5.16547482e-01  9.18274426e-01  1.46444955e+00  1.21378858e+00
  1.37261975e+00  1.88522959e+00  7.41154188e-02  6.70546438e-01
  1.46565888e+00  1.41120168e+00  2.58447867e+00  3.12284429e-01
  2.17914365e+00 -2.18071734e-01  2.39470577e+00  1.14691224e+00
  1.09015223e-01  1.43841332e+00  2.63310279e+00  2.23418188e-01
 -8.11542025e-01  2.15394186e+00  5.10500959e-01  3.39628446e+00
 -5.17337784e-01  6.95297365e-01  1.17207721e+00 -2.85180971e-01
  1.75814621e-01  1.79742426e+00  1.33873528e+00  1.71390949e+00
 -4.12739518e-01  7.31024050e-01  1.57572749e+00 -1.05407837e-01
  1.07487504e+00  1.26682055e+00  8.00111253e-01  1.23780305e+00
 -5.88677694e-02  3.99957178e-01  1.16174652e+00  1.54157799e+00
  1.09996223e+00  2.31549804e+00  2.66156808e+00  4.03664583e-01
 -6.45317414e-01  7.08641947e-02  2.12028965e+00  5.75212446e-01
  3.03416968e-01  1.82125238e+00  3.76889448e-01  1.32702086e+00
  9.10725797e-01  1.29261946e+00  6.58605611e-01  1.10249621e-01
 -3.86548484e-01  2.81311241e-01  1.62714646e+00  1.93489031e+00
  1.57077187e+00  1.15467956e+00  1.82530478e+00  5.63543259e-01
 -1.56539523e-01  1.96774835e+00  1.23033399e+00  2.48885066e+00
  1.48924730e+00  1.83354527e+00  1.36816483e+00  9.16150411e-02
  2.10409141e-01  7.94191135e-01  2.25391816e+00  1.46206046e+00
  3.34074328e-01  2.29401260e-01  1.14207797e+00  1.76531335e+00
  1.70643591e+00  1.63032488e+00  6.88747334e-01  2.33638831e+00
 -6.81324393e-02  1.41014635e+00  1.68539282e+00  6.82345218e-01
  2.02864236e+00  9.58468688e-01  2.61762594e+00 -8.49818272e-01
 -4.73894611e-01  7.88876335e-01  2.28890459e+00  2.12520921e+00
  7.81610997e-01  2.27582703e-01  1.19504516e+00  4.25920314e-01
  1.99346873e+00  1.76810550e+00  3.13188040e-01  4.47007541e-01
  4.46456554e-01 -2.68440811e-02  6.78828332e-01  2.78280769e-01
  1.28211953e+00  5.74847542e-01  7.52421325e-01 -3.20375824e-01
  1.05672440e+00 -2.53655610e-01  9.68594451e-01  1.22055753e+00
  5.05046821e-01  3.26870845e-01  1.41365968e+00  1.05487054e+00
  2.06651526e+00  2.02022025e+00  1.18675733e+00  3.22229058e-01
  2.06188366e+00  1.31112150e+00  7.68738541e-01  2.20192036e+00
  1.67653406e+00  2.33831328e+00  2.66669096e+00  2.86360067e+00
 -4.33024308e-02  7.28186382e-01  9.21940669e-01  3.20685941e+00
  1.33485683e+00 -2.36794323e-01  6.78280451e-01 -3.57291385e-02
  8.11053547e-02  1.70466426e+00 -1.92621018e-03  1.82680213e+00
  6.06019589e-01  1.84222692e+00  2.49298284e+00  9.62457447e-01
 -5.12181441e-02  2.69926096e-01  9.29604208e-01  2.81490214e+00
  9.16475589e-01  2.12657409e+00  8.81875116e-01 -5.45398197e-01
  2.47398519e+00  8.58092391e-01  9.00002450e-01  8.68374768e-01
  1.74249202e+00  4.65626876e-01 -2.47783500e-01  1.43776331e+00
  1.31181585e+00  2.42450800e+00 -5.30523808e-01 -9.45456545e-02
 -1.80811694e-01  2.37701048e-01  3.96335372e-02 -1.56891785e+00
  6.73615437e-01  1.37913006e+00  1.47440590e+00  2.78974666e+00
 -1.99821888e-01  6.42712063e-01  2.81411231e+00  1.73508923e+00
  1.13872295e+00  1.23353135e+00  1.70280490e+00  6.38376967e-01
  5.33921386e-01  2.47555561e+00  1.31009559e+00  1.72987406e+00
  1.83132946e+00 -3.07958527e-01  1.65806471e+00  1.39743287e+00
  2.32586828e+00  1.76913619e+00  1.93138631e+00 -1.84675588e-01
 -1.47973110e-01  1.55974255e+00  1.87375692e+00  7.32255022e-01
  1.71447176e+00  1.31481047e+00  1.43637554e+00  7.56134583e-01
  3.89027518e-01  1.02068543e+00  7.32697676e-01  7.39733579e-01
  5.89179933e-01  7.31580684e-01  1.24158704e+00  1.27077864e+00
  2.98252941e+00 -2.37947985e-01  4.26424510e-01  1.44259213e+00
  3.16327856e-01  1.77674220e+00  2.24587304e+00  1.55199332e+00
  2.15948297e-01  4.32694636e-01  1.60599146e+00  9.18844860e-01
  1.25961402e+00  5.76235022e-01 -2.71549692e-01  3.58572918e-01
  1.63396367e+00  3.46945012e-01  1.58239359e+00  1.21434134e+00
  1.80893857e+00  8.77379196e-01  2.56730490e+00  8.77626456e-01
  6.99815463e-01  7.50838415e-01 -7.78363867e-01  1.15028061e+00
  2.08097875e+00  2.00462732e+00  1.08962667e+00  1.16567037e+00
  2.29690389e+00  6.41474369e-02  1.47479480e+00  1.13159566e+00
  5.90585512e-01  2.17929351e+00  8.76151530e-01  2.25256819e+00
  1.74242124e+00  3.04089653e-01  4.22720435e-01  1.17073048e+00
  6.07089598e-01 -1.64517930e-01 -1.06078248e+00  1.06295242e+00
  1.47654897e+00  7.48646440e-01  2.72418585e+00  1.94870823e+00
  4.48505277e-01  4.20933127e-01 -5.13517730e-02  1.15072241e+00
 -2.23969593e-01  1.20063067e+00  1.64293471e+00  4.43595107e-01
  2.01381055e+00  4.18230871e-01  5.41444731e-01  5.41236298e-01
 -8.28105597e-01  5.76306985e-01  1.88243614e-01  6.84438590e-01
  1.84326810e+00  6.12170521e-01  4.20928009e-01  1.07023416e+00
  1.95512385e+00  3.87810530e-01  2.64215824e+00  8.25788327e-01
  1.32658779e+00  9.75632634e-01  3.26727850e-01  1.10825770e+00
  1.03541748e+00  2.48586462e+00  1.38808949e+00  1.41441274e+00
  8.55364100e-01 -2.20782322e-01  3.08664169e-01  9.64986894e-01
  1.82347422e+00 -2.84778970e-01  1.12112122e+00  8.42497814e-01
  1.74587328e-01  1.30173920e+00  1.34272494e+00  1.31569446e+00
  2.45089625e+00  8.88094978e-01  1.11238046e+00 -2.41360030e-02
  1.34409581e+00  1.44097238e+00  4.95972182e-01  1.38950498e+00
  1.48330848e-01  1.25720587e+00  2.31007423e+00  9.66530575e-01
  1.57025968e+00  6.78694790e-01  7.12469562e-01  6.81423646e-01
  1.28203877e+00 -2.30440980e-01 -1.90815880e-01  2.48862458e+00
  1.82168270e+00  1.01479888e+00  1.59537527e+00  1.06738614e+00
  1.33618860e+00  7.74862635e-01  1.19167780e+00  1.44909437e+00
 -1.51703951e-01  2.23635459e+00  2.66166729e-01  1.76462132e+00
  1.50795648e+00 -6.40317256e-01  4.31185438e-01  5.41707381e-01
  1.53902905e+00  1.49900322e+00  4.26968846e-01 -4.64729327e-01
  7.98422313e-01  6.12470707e-01  2.31788957e+00  1.56356684e+00
  1.22873384e+00 -1.41121023e-01  2.56338176e+00  2.79743282e-01
 -7.64015126e-01  4.64152363e-01 -4.06608535e-02  2.43050695e+00
  1.93590490e+00  2.19234989e+00  9.53447093e-01  2.00490290e+00
 -1.05714524e+00 -3.84843503e-01  7.71628242e-01  4.46467219e-01
  1.08707709e+00  3.26129100e-01  1.12191068e+00  4.20357265e-01
  1.00693824e+00 -5.51134233e-01 -5.70081518e-01  1.53161811e+00
  9.29415045e-02  1.72072105e+00  2.59589063e+00  9.79920067e-01
  9.42177344e-01  5.62190921e-01  9.89562444e-01  1.14358587e+00
  1.18443604e+00  2.02711039e+00  4.36813848e-01  6.77981586e-01
 -2.64185980e-01 -3.01684164e-02 -4.94259513e-02  2.19514659e-01
  9.51965462e-01  2.00069123e-01  1.36439245e+00  3.23137237e+00
  1.48535597e-01  8.66773283e-01  1.18785318e+00  1.31626962e+00
  1.09343486e-01 -7.52380200e-02  7.75458692e-01  1.08856138e+00
  3.31454117e-01 -2.20064241e-01 -2.28661097e-01  6.92265732e-01
 -6.49156156e-01  1.50687726e+00  1.54746856e+00  7.58388961e-01
  3.01820658e+00  5.12686739e-01  9.74838621e-01  1.52729110e+00
  1.84982947e+00  1.35465824e+00  1.47315812e+00  1.52078079e+00
  8.10545609e-02  9.19593689e-01 -6.95821966e-01  1.22771336e+00
  1.33416758e+00  1.13341305e+00  2.46576718e+00  4.61746487e-01
  9.94190269e-01  5.13898406e-01  1.91916623e+00  8.51798623e-01
  6.73330785e-01  2.01129618e+00  1.40543775e+00  1.47982925e+00
  1.95882528e+00  1.36815631e+00  2.07949588e+00 -4.91282013e-01
  1.45047006e+00  4.39586287e-01  2.21814123e+00  2.72644117e-01
  2.11602881e+00  1.95321103e+00  1.87479967e-01  7.92796490e-01
